['6732972[0, 28468, 56956, 85468, 114028, 142668, 171372, 200180, 229084, 258180, 287372, 316780, 346364, 376172, 406252, 436588, 467236, 498252, 529636, 561460, 593788, 626668]']
['6887220[26618, 53246, 79902, 106598, 133342, 160158, 187054, 214046, 241126, 268370, 295726, 323258, 350966, 378870, 406998, 435370, 464014, 492958, 522242, 551890, 581962, 612506]']
['7013916[49928, 74928, 99948, 125016, 150136, 175328, 200588, 225956, 251404, 276984, 302688, 328544, 354548, 380744, 407132, 433732, 460576, 487684, 515072, 542792, 570860, 599328]']
['7118884[70456, 93984, 117552, 141164, 164820, 188556, 212352, 236248, 260232, 284324, 308528, 332880, 357364, 382008, 406840, 431852, 457072, 482536, 508236, 534220, 560516, 587144]']
['7206640[88630, 110850, 133094, 155402, 177742, 200170, 222642, 245214, 267866, 290622, 313478, 336470, 359578, 382838, 406246, 429838, 453598, 477582, 501770, 526206, 550902, 575902]']
['7280544[104792, 125828, 146896, 168008, 189172, 210408, 231696, 253068, 274516, 296060, 317700, 339456, 361328, 383328, 405472, 427760, 450216, 472864, 495688, 518736, 542012, 565540]']
['7343332[119252, 139220, 159212, 179260, 199340, 219504, 239708, 259992, 280352, 300800, 321328, 341976, 362708, 383572, 404560, 425680, 446944, 468392, 489988, 511780, 533772, 555992]']
['7396980[132238, 151226, 170246, 189322, 208430, 227606, 246834, 266130, 285494, 304942, 324462, 344102, 363802, 383634, 403566, 423634, 443830, 464170, 484658, 505318, 526150, 547186]']
['7443196[143958, 162070, 180194, 198382, 216594, 234882, 253202, 271606, 290058, 308594, 327186, 345922, 364658, 383562, 402534, 421642, 440850, 460198, 479666, 499306, 519082, 539050]']
['7483192[154574, 171866, 189190, 206558, 223958, 241426, 258930, 276498, 294130, 311826, 329566, 347470, 365346, 383386, 401490, 419706, 438018, 456462, 475014, 493706, 512542, 531530]']
['7518084[164240, 180796, 197360, 213992, 230636, 247356, 264100, 280916, 297772, 314716, 331664, 348804, 365884, 383140, 400432, 417844, 435328, 452948, 470652, 488496, 506448, 524560]']
['7548608[173054, 188926, 204810, 220746, 236706, 252730, 268782, 284898, 301058, 317294, 333526, 349946, 366310, 382834, 399390, 416054, 432794, 449646, 466578, 483638, 500798, 518090]']
['7575512[181132, 196384, 211628, 226936, 242252, 257640, 273044, 288516, 304024, 319620, 335184, 350940, 366640, 382488, 398364, 414348, 430384, 446540, 462756, 479096, 495520, 512076]']
['7599256[188534, 203210, 217878, 232594, 247330, 262118, 276938, 291806, 306714, 321706, 336674, 351798, 366898, 382114, 397370, 412714, 428114, 443614, 459186, 474854, 490610, 506482]']
['7620332[195330, 209498, 223626, 237802, 251990, 266238, 280498, 294822, 309162, 323598, 338006, 352558, 367086, 381730, 396398, 411154, 425962, 440870, 455826, 470890, 486018, 501270]']
['7639000[201556, 215248, 228900, 242576, 256264, 270004, 283760, 297568, 311396, 325308, 339204, 353220, 367228, 381328, 395464, 409676, 423940, 438292, 452692, 467188, 481756, 496432]']
['7655592[207256, 220536, 233736, 246968, 260188, 273468, 286748, 300088, 313432, 326868, 340280, 353804, 367324, 380932, 394560, 408280, 422032, 435876, 449756, 463740, 477776, 491944]']
['7670264[212444, 225348, 238160, 250972, 263780, 276628, 289480, 302380, 315292, 328272, 341252, 354316, 367388, 380532, 393712, 406960, 420252, 433620, 447032, 460536, 474108, 487800]']
['7683256[217158, 229738, 242194, 254642, 267058, 279522, 291974, 304478, 316982, 329554, 342118, 354770, 367422, 380146, 392902, 405726, 418578, 431522, 444498, 457574, 470710, 483990]']
['7694668[221408, 233696, 245844, 257960, 270040, 282140, 294240, 306376, 318512, 330704, 342900, 355168, 367436, 379772, 392140, 404572, 417036, 429580, 442172, 454852, 467608, 480512]']
['7704696[225226, 237274, 249142, 260966, 272738, 284526, 296290, 308098, 319894, 331746, 343590, 355522, 367426, 379418, 391426, 403502, 415606, 427798, 440026, 452362, 464770, 477350]']
['7713416[228626, 240454, 252094, 263654, 275158, 286662, 298138, 309638, 321138, 332674, 344206, 355826, 367410, 379078, 390770, 402514, 414302, 426170, 438086, 450102, 462214, 474502]']
['7721004[231644, 243296, 254724, 266068, 277324, 288580, 299792, 311028, 322248, 333512, 344748, 356092, 367380, 378764, 390156, 401616, 413108, 424692, 436320, 448064, 459900, 471948]']
['7727528[234294, 245790, 257050, 268194, 279246, 290278, 301262, 312258, 323238, 334246, 345230, 356318, 367346, 378470, 389602, 400798, 412038, 423362, 434742, 446238, 457850, 469678]']
['7733136[236614, 247986, 259094, 270078, 280942, 291786, 302562, 313350, 324110, 334902, 345650, 356514, 367306, 378202, 389094, 400066, 411070, 422174, 433326, 444614, 456022, 467674]']
['7737896[238622, 249886, 260874, 271714, 282430, 293098, 303706, 314302, 324874, 335470, 346022, 356674, 367270, 377954, 388646, 399410, 410218, 421114, 432082, 443182, 454426, 465922]']
['7741944[240354, 251538, 262422, 273146, 283726, 294254, 304702, 315142, 325542, 335970, 346342, 356818, 367226, 377734, 388242, 398830, 409454, 420182, 430978, 441926, 453022, 464394]']
['7745328[241830, 252942, 263746, 274370, 284842, 295246, 305566, 315862, 326122, 336398, 346618, 356934, 367190, 377534, 387890, 398318, 408790, 419366, 430026, 440838, 451818, 463082]']
['7748168[243086, 254146, 264878, 275426, 285802, 296106, 306310, 316490, 326618, 336770, 346854, 357034, 367154, 377362, 387574, 397870, 408206, 418658, 429194, 439898, 450774, 461958]']
['7750512[244138, 255154, 265838, 276314, 286618, 296834, 306946, 317022, 327046, 337082, 347058, 357114, 367122, 377206, 387306, 397478, 407706, 418050, 428486, 439094, 449894, 461006]']
['7752452[245020, 256004, 266644, 277072, 287308, 297456, 307488, 317480, 327408, 337352, 347228, 357184, 367088, 377072, 387068, 397144, 407272, 417528, 427876, 438412, 449144, 460204]']
['7754024[245746, 256702, 267310, 277698, 287886, 297970, 307942, 317862, 327714, 337574, 347374, 357238, 367062, 376954, 386866, 396858, 406910, 417086, 427370, 437842, 448522, 459538]']
['7755308[246344, 257284, 267864, 278220, 288368, 298408, 308320, 318184, 327972, 337764, 347492, 357288, 367032, 376856, 386692, 396616, 406600, 416716, 426940, 437364, 448000, 458984]']
['7756328[246826, 257750, 268314, 278642, 288762, 298762, 308634, 318446, 328186, 337918, 347590, 357326, 367010, 376770, 386550, 396414, 406346, 416410, 426590, 436970, 447578, 458534]']
['7757148[247216, 258132, 268680, 278992, 289084, 299056, 308892, 318668, 328360, 338048, 347668, 357360, 366988, 376700, 386428, 396248, 406132, 416156, 426296, 436648, 447228, 458168]']
['7757788[247524, 258432, 268972, 279268, 289344, 299292, 309100, 318844, 328504, 338152, 347732, 357384, 366972, 376640, 386332, 396112, 405960, 415948, 426060, 436388, 446952, 457876]']
['7758292[247768, 258672, 269204, 279492, 289552, 299484, 309268, 318988, 328620, 338240, 347784, 357404, 366956, 376592, 386252, 396000, 405816, 415780, 425868, 436180, 446728, 457644]']
['7758676[247956, 258856, 269384, 279664, 289716, 299632, 309404, 319100, 328712, 338308, 347828, 357416, 366944, 376556, 386188, 395908, 405704, 415644, 425720, 436016, 446556, 457464]']
['7758976[248102, 259002, 269526, 279802, 289846, 299754, 309510, 319194, 328786, 338362, 347862, 357430, 366934, 376526, 386134, 395834, 405610, 415538, 425598, 435886, 446418, 457322]']
['7759196[248212, 259108, 269632, 279904, 289944, 299844, 309592, 319264, 328844, 338404, 347888, 357440, 366928, 376500, 386092, 395776, 405540, 415456, 425508, 435788, 446316, 457216]']
['7759364[248296, 259192, 269712, 279984, 290020, 299916, 309656, 319320, 328888, 338440, 347908, 357448, 366920, 376480, 386056, 395732, 405484, 415392, 425436, 435712, 446236, 457136]']
['7759484[248356, 259252, 269772, 280040, 290076, 299968, 309704, 319360, 328924, 338464, 347924, 357452, 366916, 376464, 386032, 395696, 405444, 415344, 425384, 435656, 446180, 457076]']
['7759572[248400, 259296, 269816, 280084, 290116, 300008, 309740, 319392, 328948, 338484, 347936, 357456, 366912, 376452, 386012, 395672, 405412, 415308, 425344, 435616, 446136, 457032]']
['7759632[248430, 259326, 269846, 280114, 290146, 300034, 309766, 319414, 328966, 338498, 347946, 357458, 366910, 376442, 385998, 395654, 405390, 415282, 425318, 435586, 446106, 457002]']
['7759676[248452, 259348, 269868, 280136, 290168, 300056, 309784, 319432, 328980, 338508, 347952, 357460, 366908, 376436, 385988, 395640, 405372, 415264, 425296, 435564, 446084, 456980]']
['7759704[248466, 259362, 269882, 280150, 290182, 300070, 309798, 319442, 328990, 338514, 347958, 357462, 366906, 376430, 385982, 395630, 405362, 415250, 425282, 435550, 446070, 456966]']
['7759724[248476, 259372, 269892, 280160, 290192, 300080, 309808, 319452, 328996, 338520, 347960, 357464, 366904, 376428, 385976, 395624, 405352, 415240, 425272, 435540, 446060, 456956]']
['7759736[248482, 259378, 269898, 280166, 290198, 300086, 309814, 319458, 329002, 338522, 347962, 357466, 366902, 376426, 385974, 395618, 405346, 415234, 425266, 435534, 446054, 456950]']
['7759744[248486, 259382, 269902, 280170, 290202, 300090, 309818, 319462, 329006, 338526, 347962, 357466, 366902, 376426, 385970, 395614, 405342, 415230, 425262, 435530, 446050, 456946]']
['7759748[248488, 259384, 269904, 280172, 290204, 300092, 309820, 319464, 329008, 338528, 347964, 357464, 366904, 376424, 385968, 395612, 405340, 415228, 425260, 435528, 446048, 456944]']
['7759752[248490, 259386, 269906, 280174, 290206, 300094, 309822, 319466, 329010, 338530, 347966, 357466, 366902, 376422, 385966, 395610, 405338, 415226, 425258, 435526, 446046, 456942]']
['7759752[248490, 259386, 269906, 280174, 290206, 300094, 309822, 319466, 329010, 338530, 347966, 357466, 366902, 376422, 385966, 395610, 405338, 415226, 425258, 435526, 446046, 456942]']
['7759752[248490, 259386, 269906, 280174, 290206, 300094, 309822, 319466, 329010, 338530, 347966, 357466, 366902, 376422, 385966, 395610, 405338, 415226, 425258, 435526, 446046, 456942]']
['7759752[248490, 259386, 269906, 280174, 290206, 300094, 309822, 319466, 329010, 338530, 347966, 357466, 366902, 376422, 385966, 395610, 405338, 415226, 425258, 435526, 446046, 456942]']
['7759752[248490, 259386, 269906, 280174, 290206, 300094, 309822, 319466, 329010, 338530, 347966, 357466, 366902, 376422, 385966, 395610, 405338, 415226, 425258, 435526, 446046, 456942]']
['7759752[248490, 259386, 269906, 280174, 290206, 300094, 309822, 319466, 329010, 338530, 347966, 357466, 366902, 376422, 385966, 395610, 405338, 415226, 425258, 435526, 446046, 456942]']
['7759752[248490, 259386, 269906, 280174, 290206, 300094, 309822, 319466, 329010, 338530, 347966, 357466, 366902, 376422, 385966, 395610, 405338, 415226, 425258, 435526, 446046, 456942]']
['7759752[248490, 259386, 269906, 280174, 290206, 300094, 309822, 319466, 329010, 338530, 347966, 357466, 366902, 376422, 385966, 395610, 405338, 415226, 425258, 435526, 446046, 456942]']
['7759752[248490, 259386, 269906, 280174, 290206, 300094, 309822, 319466, 329010, 338530, 347966, 357466, 366902, 376422, 385966, 395610, 405338, 415226, 425258, 435526, 446046, 456942]']
['7759752[248490, 259386, 269906, 280174, 290206, 300094, 309822, 319466, 329010, 338530, 347966, 357466, 366902, 376422, 385966, 395610, 405338, 415226, 425258, 435526, 446046, 456942]']
['7759752[248490, 259386, 269906, 280174, 290206, 300094, 309822, 319466, 329010, 338530, 347966, 357466, 366902, 376422, 385966, 395610, 405338, 415226, 425258, 435526, 446046, 456942]']
['7759752[248490, 259386, 269906, 280174, 290206, 300094, 309822, 319466, 329010, 338530, 347966, 357466, 366902, 376422, 385966, 395610, 405338, 415226, 425258, 435526, 446046, 456942]']
['7759752[248490, 259386, 269906, 280174, 290206, 300094, 309822, 319466, 329010, 338530, 347966, 357466, 366902, 376422, 385966, 395610, 405338, 415226, 425258, 435526, 446046, 456942]']
['7759752[248490, 259386, 269906, 280174, 290206, 300094, 309822, 319466, 329010, 338530, 347966, 357466, 366902, 376422, 385966, 395610, 405338, 415226, 425258, 435526, 446046, 456942]']
['7759752[248490, 259386, 269906, 280174, 290206, 300094, 309822, 319466, 329010, 338530, 347966, 357466, 366902, 376422, 385966, 395610, 405338, 415226, 425258, 435526, 446046, 456942]']
['7759752[248490, 259386, 269906, 280174, 290206, 300094, 309822, 319466, 329010, 338530, 347966, 357466, 366902, 376422, 385966, 395610, 405338, 415226, 425258, 435526, 446046, 456942]']
['7759752[248490, 259386, 269906, 280174, 290206, 300094, 309822, 319466, 329010, 338530, 347966, 357466, 366902, 376422, 385966, 395610, 405338, 415226, 425258, 435526, 446046, 456942]']
['7759752[248490, 259386, 269906, 280174, 290206, 300094, 309822, 319466, 329010, 338530, 347966, 357466, 366902, 376422, 385966, 395610, 405338, 415226, 425258, 435526, 446046, 456942]']
['7759752[248490, 259386, 269906, 280174, 290206, 300094, 309822, 319466, 329010, 338530, 347966, 357466, 366902, 376422, 385966, 395610, 405338, 415226, 425258, 435526, 446046, 456942]']
['7759752[248490, 259386, 269906, 280174, 290206, 300094, 309822, 319466, 329010, 338530, 347966, 357466, 366902, 376422, 385966, 395610, 405338, 415226, 425258, 435526, 446046, 456942]']
['7759752[248490, 259386, 269906, 280174, 290206, 300094, 309822, 319466, 329010, 338530, 347966, 357466, 366902, 376422, 385966, 395610, 405338, 415226, 425258, 435526, 446046, 456942]']
['7759752[248490, 259386, 269906, 280174, 290206, 300094, 309822, 319466, 329010, 338530, 347966, 357466, 366902, 376422, 385966, 395610, 405338, 415226, 425258, 435526, 446046, 456942]']
['7759752[248490, 259386, 269906, 280174, 290206, 300094, 309822, 319466, 329010, 338530, 347966, 357466, 366902, 376422, 385966, 395610, 405338, 415226, 425258, 435526, 446046, 456942]']
['7759752[248490, 259386, 269906, 280174, 290206, 300094, 309822, 319466, 329010, 338530, 347966, 357466, 366902, 376422, 385966, 395610, 405338, 415226, 425258, 435526, 446046, 456942]']
['7759752[248490, 259386, 269906, 280174, 290206, 300094, 309822, 319466, 329010, 338530, 347966, 357466, 366902, 376422, 385966, 395610, 405338, 415226, 425258, 435526, 446046, 456942]']
['7759752[248490, 259386, 269906, 280174, 290206, 300094, 309822, 319466, 329010, 338530, 347966, 357466, 366902, 376422, 385966, 395610, 405338, 415226, 425258, 435526, 446046, 456942]']
['7759752[248490, 259386, 269906, 280174, 290206, 300094, 309822, 319466, 329010, 338530, 347966, 357466, 366902, 376422, 385966, 395610, 405338, 415226, 425258, 435526, 446046, 456942]']
['7759752[248490, 259386, 269906, 280174, 290206, 300094, 309822, 319466, 329010, 338530, 347966, 357466, 366902, 376422, 385966, 395610, 405338, 415226, 425258, 435526, 446046, 456942]']
['7759752[248490, 259386, 269906, 280174, 290206, 300094, 309822, 319466, 329010, 338530, 347966, 357466, 366902, 376422, 385966, 395610, 405338, 415226, 425258, 435526, 446046, 456942]']
['7759752[248490, 259386, 269906, 280174, 290206, 300094, 309822, 319466, 329010, 338530, 347966, 357466, 366902, 376422, 385966, 395610, 405338, 415226, 425258, 435526, 446046, 456942]']
['7759752[248490, 259386, 269906, 280174, 290206, 300094, 309822, 319466, 329010, 338530, 347966, 357466, 366902, 376422, 385966, 395610, 405338, 415226, 425258, 435526, 446046, 456942]']
['7759752[248490, 259386, 269906, 280174, 290206, 300094, 309822, 319466, 329010, 338530, 347966, 357466, 366902, 376422, 385966, 395610, 405338, 415226, 425258, 435526, 446046, 456942]']
['7759752[248490, 259386, 269906, 280174, 290206, 300094, 309822, 319466, 329010, 338530, 347966, 357466, 366902, 376422, 385966, 395610, 405338, 415226, 425258, 435526, 446046, 456942]']
['7759752[248490, 259386, 269906, 280174, 290206, 300094, 309822, 319466, 329010, 338530, 347966, 357466, 366902, 376422, 385966, 395610, 405338, 415226, 425258, 435526, 446046, 456942]']
['7759752[248490, 259386, 269906, 280174, 290206, 300094, 309822, 319466, 329010, 338530, 347966, 357466, 366902, 376422, 385966, 395610, 405338, 415226, 425258, 435526, 446046, 456942]']
['7759752[248490, 259386, 269906, 280174, 290206, 300094, 309822, 319466, 329010, 338530, 347966, 357466, 366902, 376422, 385966, 395610, 405338, 415226, 425258, 435526, 446046, 456942]']
['7759752[248490, 259386, 269906, 280174, 290206, 300094, 309822, 319466, 329010, 338530, 347966, 357466, 366902, 376422, 385966, 395610, 405338, 415226, 425258, 435526, 446046, 456942]']
['7759752[248490, 259386, 269906, 280174, 290206, 300094, 309822, 319466, 329010, 338530, 347966, 357466, 366902, 376422, 385966, 395610, 405338, 415226, 425258, 435526, 446046, 456942]']
['7759752[248490, 259386, 269906, 280174, 290206, 300094, 309822, 319466, 329010, 338530, 347966, 357466, 366902, 376422, 385966, 395610, 405338, 415226, 425258, 435526, 446046, 456942]']
['7759752[248490, 259386, 269906, 280174, 290206, 300094, 309822, 319466, 329010, 338530, 347966, 357466, 366902, 376422, 385966, 395610, 405338, 415226, 425258, 435526, 446046, 456942]']
['7759752[248490, 259386, 269906, 280174, 290206, 300094, 309822, 319466, 329010, 338530, 347966, 357466, 366902, 376422, 385966, 395610, 405338, 415226, 425258, 435526, 446046, 456942]']
['7759752[248490, 259386, 269906, 280174, 290206, 300094, 309822, 319466, 329010, 338530, 347966, 357466, 366902, 376422, 385966, 395610, 405338, 415226, 425258, 435526, 446046, 456942]']
['7759752[248490, 259386, 269906, 280174, 290206, 300094, 309822, 319466, 329010, 338530, 347966, 357466, 366902, 376422, 385966, 395610, 405338, 415226, 425258, 435526, 446046, 456942]']
['7759752[248490, 259386, 269906, 280174, 290206, 300094, 309822, 319466, 329010, 338530, 347966, 357466, 366902, 376422, 385966, 395610, 405338, 415226, 425258, 435526, 446046, 456942]']
['7759752[248490, 259386, 269906, 280174, 290206, 300094, 309822, 319466, 329010, 338530, 347966, 357466, 366902, 376422, 385966, 395610, 405338, 415226, 425258, 435526, 446046, 456942]']
['7759752[248490, 259386, 269906, 280174, 290206, 300094, 309822, 319466, 329010, 338530, 347966, 357466, 366902, 376422, 385966, 395610, 405338, 415226, 425258, 435526, 446046, 456942]']
['7759752[248490, 259386, 269906, 280174, 290206, 300094, 309822, 319466, 329010, 338530, 347966, 357466, 366902, 376422, 385966, 395610, 405338, 415226, 425258, 435526, 446046, 456942]']
['7759752[248490, 259386, 269906, 280174, 290206, 300094, 309822, 319466, 329010, 338530, 347966, 357466, 366902, 376422, 385966, 395610, 405338, 415226, 425258, 435526, 446046, 456942]']
['7759752[248490, 259386, 269906, 280174, 290206, 300094, 309822, 319466, 329010, 338530, 347966, 357466, 366902, 376422, 385966, 395610, 405338, 415226, 425258, 435526, 446046, 456942]']
['7759752[248490, 259386, 269906, 280174, 290206, 300094, 309822, 319466, 329010, 338530, 347966, 357466, 366902, 376422, 385966, 395610, 405338, 415226, 425258, 435526, 446046, 456942]']
['7759752[248490, 259386, 269906, 280174, 290206, 300094, 309822, 319466, 329010, 338530, 347966, 357466, 366902, 376422, 385966, 395610, 405338, 415226, 425258, 435526, 446046, 456942]']
['7759752[248490, 259386, 269906, 280174, 290206, 300094, 309822, 319466, 329010, 338530, 347966, 357466, 366902, 376422, 385966, 395610, 405338, 415226, 425258, 435526, 446046, 456942]']
['7759752[248490, 259386, 269906, 280174, 290206, 300094, 309822, 319466, 329010, 338530, 347966, 357466, 366902, 376422, 385966, 395610, 405338, 415226, 425258, 435526, 446046, 456942]']
['7759752[248490, 259386, 269906, 280174, 290206, 300094, 309822, 319466, 329010, 338530, 347966, 357466, 366902, 376422, 385966, 395610, 405338, 415226, 425258, 435526, 446046, 456942]']
['7759752[248490, 259386, 269906, 280174, 290206, 300094, 309822, 319466, 329010, 338530, 347966, 357466, 366902, 376422, 385966, 395610, 405338, 415226, 425258, 435526, 446046, 456942]']
['7759752[248490, 259386, 269906, 280174, 290206, 300094, 309822, 319466, 329010, 338530, 347966, 357466, 366902, 376422, 385966, 395610, 405338, 415226, 425258, 435526, 446046, 456942]']
['7759752[248490, 259386, 269906, 280174, 290206, 300094, 309822, 319466, 329010, 338530, 347966, 357466, 366902, 376422, 385966, 395610, 405338, 415226, 425258, 435526, 446046, 456942]']
['7759752[248490, 259386, 269906, 280174, 290206, 300094, 309822, 319466, 329010, 338530, 347966, 357466, 366902, 376422, 385966, 395610, 405338, 415226, 425258, 435526, 446046, 456942]']
['7759752[248490, 259386, 269906, 280174, 290206, 300094, 309822, 319466, 329010, 338530, 347966, 357466, 366902, 376422, 385966, 395610, 405338, 415226, 425258, 435526, 446046, 456942]']
['7759752[248490, 259386, 269906, 280174, 290206, 300094, 309822, 319466, 329010, 338530, 347966, 357466, 366902, 376422, 385966, 395610, 405338, 415226, 425258, 435526, 446046, 456942]']
['7759752[248490, 259386, 269906, 280174, 290206, 300094, 309822, 319466, 329010, 338530, 347966, 357466, 366902, 376422, 385966, 395610, 405338, 415226, 425258, 435526, 446046, 456942]']
['7759752[248490, 259386, 269906, 280174, 290206, 300094, 309822, 319466, 329010, 338530, 347966, 357466, 366902, 376422, 385966, 395610, 405338, 415226, 425258, 435526, 446046, 456942]']
['7759752[248490, 259386, 269906, 280174, 290206, 300094, 309822, 319466, 329010, 338530, 347966, 357466, 366902, 376422, 385966, 395610, 405338, 415226, 425258, 435526, 446046, 456942]']
['7759752[248490, 259386, 269906, 280174, 290206, 300094, 309822, 319466, 329010, 338530, 347966, 357466, 366902, 376422, 385966, 395610, 405338, 415226, 425258, 435526, 446046, 456942]']
['7759752[248490, 259386, 269906, 280174, 290206, 300094, 309822, 319466, 329010, 338530, 347966, 357466, 366902, 376422, 385966, 395610, 405338, 415226, 425258, 435526, 446046, 456942]']
['7759752[248490, 259386, 269906, 280174, 290206, 300094, 309822, 319466, 329010, 338530, 347966, 357466, 366902, 376422, 385966, 395610, 405338, 415226, 425258, 435526, 446046, 456942]']
['7759752[248490, 259386, 269906, 280174, 290206, 300094, 309822, 319466, 329010, 338530, 347966, 357466, 366902, 376422, 385966, 395610, 405338, 415226, 425258, 435526, 446046, 456942]']
['7759752[248490, 259386, 269906, 280174, 290206, 300094, 309822, 319466, 329010, 338530, 347966, 357466, 366902, 376422, 385966, 395610, 405338, 415226, 425258, 435526, 446046, 456942]']
['7759752[248490, 259386, 269906, 280174, 290206, 300094, 309822, 319466, 329010, 338530, 347966, 357466, 366902, 376422, 385966, 395610, 405338, 415226, 425258, 435526, 446046, 456942]']
['7759752[248490, 259386, 269906, 280174, 290206, 300094, 309822, 319466, 329010, 338530, 347966, 357466, 366902, 376422, 385966, 395610, 405338, 415226, 425258, 435526, 446046, 456942]']
['7759752[248490, 259386, 269906, 280174, 290206, 300094, 309822, 319466, 329010, 338530, 347966, 357466, 366902, 376422, 385966, 395610, 405338, 415226, 425258, 435526, 446046, 456942]']
['7759752[248490, 259386, 269906, 280174, 290206, 300094, 309822, 319466, 329010, 338530, 347966, 357466, 366902, 376422, 385966, 395610, 405338, 415226, 425258, 435526, 446046, 456942]']
['7759752[248490, 259386, 269906, 280174, 290206, 300094, 309822, 319466, 329010, 338530, 347966, 357466, 366902, 376422, 385966, 395610, 405338, 415226, 425258, 435526, 446046, 456942]']
['7759752[248490, 259386, 269906, 280174, 290206, 300094, 309822, 319466, 329010, 338530, 347966, 357466, 366902, 376422, 385966, 395610, 405338, 415226, 425258, 435526, 446046, 456942]']
['7759752[248490, 259386, 269906, 280174, 290206, 300094, 309822, 319466, 329010, 338530, 347966, 357466, 366902, 376422, 385966, 395610, 405338, 415226, 425258, 435526, 446046, 456942]']
['7759752[248490, 259386, 269906, 280174, 290206, 300094, 309822, 319466, 329010, 338530, 347966, 357466, 366902, 376422, 385966, 395610, 405338, 415226, 425258, 435526, 446046, 456942]']
['7759752[248490, 259386, 269906, 280174, 290206, 300094, 309822, 319466, 329010, 338530, 347966, 357466, 366902, 376422, 385966, 395610, 405338, 415226, 425258, 435526, 446046, 456942]']
['7759752[248490, 259386, 269906, 280174, 290206, 300094, 309822, 319466, 329010, 338530, 347966, 357466, 366902, 376422, 385966, 395610, 405338, 415226, 425258, 435526, 446046, 456942]']
['7759752[248490, 259386, 269906, 280174, 290206, 300094, 309822, 319466, 329010, 338530, 347966, 357466, 366902, 376422, 385966, 395610, 405338, 415226, 425258, 435526, 446046, 456942]']
['7759752[248490, 259386, 269906, 280174, 290206, 300094, 309822, 319466, 329010, 338530, 347966, 357466, 366902, 376422, 385966, 395610, 405338, 415226, 425258, 435526, 446046, 456942]']
['7759752[248490, 259386, 269906, 280174, 290206, 300094, 309822, 319466, 329010, 338530, 347966, 357466, 366902, 376422, 385966, 395610, 405338, 415226, 425258, 435526, 446046, 456942]']
['7759752[248490, 259386, 269906, 280174, 290206, 300094, 309822, 319466, 329010, 338530, 347966, 357466, 366902, 376422, 385966, 395610, 405338, 415226, 425258, 435526, 446046, 456942]']
['7759752[248490, 259386, 269906, 280174, 290206, 300094, 309822, 319466, 329010, 338530, 347966, 357466, 366902, 376422, 385966, 395610, 405338, 415226, 425258, 435526, 446046, 456942]']
['7759752[248490, 259386, 269906, 280174, 290206, 300094, 309822, 319466, 329010, 338530, 347966, 357466, 366902, 376422, 385966, 395610, 405338, 415226, 425258, 435526, 446046, 456942]']
['7759752[248490, 259386, 269906, 280174, 290206, 300094, 309822, 319466, 329010, 338530, 347966, 357466, 366902, 376422, 385966, 395610, 405338, 415226, 425258, 435526, 446046, 456942]']
['7759752[248490, 259386, 269906, 280174, 290206, 300094, 309822, 319466, 329010, 338530, 347966, 357466, 366902, 376422, 385966, 395610, 405338, 415226, 425258, 435526, 446046, 456942]']
['7759752[248490, 259386, 269906, 280174, 290206, 300094, 309822, 319466, 329010, 338530, 347966, 357466, 366902, 376422, 385966, 395610, 405338, 415226, 425258, 435526, 446046, 456942]']
['7759752[248490, 259386, 269906, 280174, 290206, 300094, 309822, 319466, 329010, 338530, 347966, 357466, 366902, 376422, 385966, 395610, 405338, 415226, 425258, 435526, 446046, 456942]']
['7759752[248490, 259386, 269906, 280174, 290206, 300094, 309822, 319466, 329010, 338530, 347966, 357466, 366902, 376422, 385966, 395610, 405338, 415226, 425258, 435526, 446046, 456942]']
['7759752[248490, 259386, 269906, 280174, 290206, 300094, 309822, 319466, 329010, 338530, 347966, 357466, 366902, 376422, 385966, 395610, 405338, 415226, 425258, 435526, 446046, 456942]']
['7759752[248490, 259386, 269906, 280174, 290206, 300094, 309822, 319466, 329010, 338530, 347966, 357466, 366902, 376422, 385966, 395610, 405338, 415226, 425258, 435526, 446046, 456942]']
['7759752[248490, 259386, 269906, 280174, 290206, 300094, 309822, 319466, 329010, 338530, 347966, 357466, 366902, 376422, 385966, 395610, 405338, 415226, 425258, 435526, 446046, 456942]']
['7759752[248490, 259386, 269906, 280174, 290206, 300094, 309822, 319466, 329010, 338530, 347966, 357466, 366902, 376422, 385966, 395610, 405338, 415226, 425258, 435526, 446046, 456942]']
['7759752[248490, 259386, 269906, 280174, 290206, 300094, 309822, 319466, 329010, 338530, 347966, 357466, 366902, 376422, 385966, 395610, 405338, 415226, 425258, 435526, 446046, 456942]']
['7759752[248490, 259386, 269906, 280174, 290206, 300094, 309822, 319466, 329010, 338530, 347966, 357466, 366902, 376422, 385966, 395610, 405338, 415226, 425258, 435526, 446046, 456942]']
['7759752[248490, 259386, 269906, 280174, 290206, 300094, 309822, 319466, 329010, 338530, 347966, 357466, 366902, 376422, 385966, 395610, 405338, 415226, 425258, 435526, 446046, 456942]']
['7759752[248490, 259386, 269906, 280174, 290206, 300094, 309822, 319466, 329010, 338530, 347966, 357466, 366902, 376422, 385966, 395610, 405338, 415226, 425258, 435526, 446046, 456942]']
['7759752[248490, 259386, 269906, 280174, 290206, 300094, 309822, 319466, 329010, 338530, 347966, 357466, 366902, 376422, 385966, 395610, 405338, 415226, 425258, 435526, 446046, 456942]']
['7759752[248490, 259386, 269906, 280174, 290206, 300094, 309822, 319466, 329010, 338530, 347966, 357466, 366902, 376422, 385966, 395610, 405338, 415226, 425258, 435526, 446046, 456942]']
['7759752[248490, 259386, 269906, 280174, 290206, 300094, 309822, 319466, 329010, 338530, 347966, 357466, 366902, 376422, 385966, 395610, 405338, 415226, 425258, 435526, 446046, 456942]']
['7759752[248490, 259386, 269906, 280174, 290206, 300094, 309822, 319466, 329010, 338530, 347966, 357466, 366902, 376422, 385966, 395610, 405338, 415226, 425258, 435526, 446046, 456942]']
['7759752[248490, 259386, 269906, 280174, 290206, 300094, 309822, 319466, 329010, 338530, 347966, 357466, 366902, 376422, 385966, 395610, 405338, 415226, 425258, 435526, 446046, 456942]']
['7759752[248490, 259386, 269906, 280174, 290206, 300094, 309822, 319466, 329010, 338530, 347966, 357466, 366902, 376422, 385966, 395610, 405338, 415226, 425258, 435526, 446046, 456942]']
['7759752[248490, 259386, 269906, 280174, 290206, 300094, 309822, 319466, 329010, 338530, 347966, 357466, 366902, 376422, 385966, 395610, 405338, 415226, 425258, 435526, 446046, 456942]']
['7759752[248490, 259386, 269906, 280174, 290206, 300094, 309822, 319466, 329010, 338530, 347966, 357466, 366902, 376422, 385966, 395610, 405338, 415226, 425258, 435526, 446046, 456942]']
['7759752[248490, 259386, 269906, 280174, 290206, 300094, 309822, 319466, 329010, 338530, 347966, 357466, 366902, 376422, 385966, 395610, 405338, 415226, 425258, 435526, 446046, 456942]']
['7759752[248490, 259386, 269906, 280174, 290206, 300094, 309822, 319466, 329010, 338530, 347966, 357466, 366902, 376422, 385966, 395610, 405338, 415226, 425258, 435526, 446046, 456942]']
['7759752[248490, 259386, 269906, 280174, 290206, 300094, 309822, 319466, 329010, 338530, 347966, 357466, 366902, 376422, 385966, 395610, 405338, 415226, 425258, 435526, 446046, 456942]']
['7759752[248490, 259386, 269906, 280174, 290206, 300094, 309822, 319466, 329010, 338530, 347966, 357466, 366902, 376422, 385966, 395610, 405338, 415226, 425258, 435526, 446046, 456942]']
['7759752[248490, 259386, 269906, 280174, 290206, 300094, 309822, 319466, 329010, 338530, 347966, 357466, 366902, 376422, 385966, 395610, 405338, 415226, 425258, 435526, 446046, 456942]']
['7759752[248490, 259386, 269906, 280174, 290206, 300094, 309822, 319466, 329010, 338530, 347966, 357466, 366902, 376422, 385966, 395610, 405338, 415226, 425258, 435526, 446046, 456942]']
['7759752[248490, 259386, 269906, 280174, 290206, 300094, 309822, 319466, 329010, 338530, 347966, 357466, 366902, 376422, 385966, 395610, 405338, 415226, 425258, 435526, 446046, 456942]']
['7759752[248490, 259386, 269906, 280174, 290206, 300094, 309822, 319466, 329010, 338530, 347966, 357466, 366902, 376422, 385966, 395610, 405338, 415226, 425258, 435526, 446046, 456942]']
['7759752[248490, 259386, 269906, 280174, 290206, 300094, 309822, 319466, 329010, 338530, 347966, 357466, 366902, 376422, 385966, 395610, 405338, 415226, 425258, 435526, 446046, 456942]']
['7759752[248490, 259386, 269906, 280174, 290206, 300094, 309822, 319466, 329010, 338530, 347966, 357466, 366902, 376422, 385966, 395610, 405338, 415226, 425258, 435526, 446046, 456942]']
['7759752[248490, 259386, 269906, 280174, 290206, 300094, 309822, 319466, 329010, 338530, 347966, 357466, 366902, 376422, 385966, 395610, 405338, 415226, 425258, 435526, 446046, 456942]']
['7759752[248490, 259386, 269906, 280174, 290206, 300094, 309822, 319466, 329010, 338530, 347966, 357466, 366902, 376422, 385966, 395610, 405338, 415226, 425258, 435526, 446046, 456942]']
['7759752[248490, 259386, 269906, 280174, 290206, 300094, 309822, 319466, 329010, 338530, 347966, 357466, 366902, 376422, 385966, 395610, 405338, 415226, 425258, 435526, 446046, 456942]']
['7759752[248490, 259386, 269906, 280174, 290206, 300094, 309822, 319466, 329010, 338530, 347966, 357466, 366902, 376422, 385966, 395610, 405338, 415226, 425258, 435526, 446046, 456942]']
['7759752[248490, 259386, 269906, 280174, 290206, 300094, 309822, 319466, 329010, 338530, 347966, 357466, 366902, 376422, 385966, 395610, 405338, 415226, 425258, 435526, 446046, 456942]']
['7759752[248490, 259386, 269906, 280174, 290206, 300094, 309822, 319466, 329010, 338530, 347966, 357466, 366902, 376422, 385966, 395610, 405338, 415226, 425258, 435526, 446046, 456942]']
['7759752[248490, 259386, 269906, 280174, 290206, 300094, 309822, 319466, 329010, 338530, 347966, 357466, 366902, 376422, 385966, 395610, 405338, 415226, 425258, 435526, 446046, 456942]']
['7759752[248490, 259386, 269906, 280174, 290206, 300094, 309822, 319466, 329010, 338530, 347966, 357466, 366902, 376422, 385966, 395610, 405338, 415226, 425258, 435526, 446046, 456942]']
['7759752[248490, 259386, 269906, 280174, 290206, 300094, 309822, 319466, 329010, 338530, 347966, 357466, 366902, 376422, 385966, 395610, 405338, 415226, 425258, 435526, 446046, 456942]']
['7759752[248490, 259386, 269906, 280174, 290206, 300094, 309822, 319466, 329010, 338530, 347966, 357466, 366902, 376422, 385966, 395610, 405338, 415226, 425258, 435526, 446046, 456942]']
['7759752[248490, 259386, 269906, 280174, 290206, 300094, 309822, 319466, 329010, 338530, 347966, 357466, 366902, 376422, 385966, 395610, 405338, 415226, 425258, 435526, 446046, 456942]']
['7759752[248490, 259386, 269906, 280174, 290206, 300094, 309822, 319466, 329010, 338530, 347966, 357466, 366902, 376422, 385966, 395610, 405338, 415226, 425258, 435526, 446046, 456942]']
['7759752[248490, 259386, 269906, 280174, 290206, 300094, 309822, 319466, 329010, 338530, 347966, 357466, 366902, 376422, 385966, 395610, 405338, 415226, 425258, 435526, 446046, 456942]']
['7759752[248490, 259386, 269906, 280174, 290206, 300094, 309822, 319466, 329010, 338530, 347966, 357466, 366902, 376422, 385966, 395610, 405338, 415226, 425258, 435526, 446046, 456942]']
['7759752[248490, 259386, 269906, 280174, 290206, 300094, 309822, 319466, 329010, 338530, 347966, 357466, 366902, 376422, 385966, 395610, 405338, 415226, 425258, 435526, 446046, 456942]']
['7759752[248490, 259386, 269906, 280174, 290206, 300094, 309822, 319466, 329010, 338530, 347966, 357466, 366902, 376422, 385966, 395610, 405338, 415226, 425258, 435526, 446046, 456942]']
['7759752[248490, 259386, 269906, 280174, 290206, 300094, 309822, 319466, 329010, 338530, 347966, 357466, 366902, 376422, 385966, 395610, 405338, 415226, 425258, 435526, 446046, 456942]']
['7759752[248490, 259386, 269906, 280174, 290206, 300094, 309822, 319466, 329010, 338530, 347966, 357466, 366902, 376422, 385966, 395610, 405338, 415226, 425258, 435526, 446046, 456942]']
['7759752[248490, 259386, 269906, 280174, 290206, 300094, 309822, 319466, 329010, 338530, 347966, 357466, 366902, 376422, 385966, 395610, 405338, 415226, 425258, 435526, 446046, 456942]']
['7759752[248490, 259386, 269906, 280174, 290206, 300094, 309822, 319466, 329010, 338530, 347966, 357466, 366902, 376422, 385966, 395610, 405338, 415226, 425258, 435526, 446046, 456942]']
['7759752[248490, 259386, 269906, 280174, 290206, 300094, 309822, 319466, 329010, 338530, 347966, 357466, 366902, 376422, 385966, 395610, 405338, 415226, 425258, 435526, 446046, 456942]']
['7759752[248490, 259386, 269906, 280174, 290206, 300094, 309822, 319466, 329010, 338530, 347966, 357466, 366902, 376422, 385966, 395610, 405338, 415226, 425258, 435526, 446046, 456942]']
['7759752[248490, 259386, 269906, 280174, 290206, 300094, 309822, 319466, 329010, 338530, 347966, 357466, 366902, 376422, 385966, 395610, 405338, 415226, 425258, 435526, 446046, 456942]']
['7759752[248490, 259386, 269906, 280174, 290206, 300094, 309822, 319466, 329010, 338530, 347966, 357466, 366902, 376422, 385966, 395610, 405338, 415226, 425258, 435526, 446046, 456942]']
['7759752[248490, 259386, 269906, 280174, 290206, 300094, 309822, 319466, 329010, 338530, 347966, 357466, 366902, 376422, 385966, 395610, 405338, 415226, 425258, 435526, 446046, 456942]']
['7759752[248490, 259386, 269906, 280174, 290206, 300094, 309822, 319466, 329010, 338530, 347966, 357466, 366902, 376422, 385966, 395610, 405338, 415226, 425258, 435526, 446046, 456942]']
['7759752[248490, 259386, 269906, 280174, 290206, 300094, 309822, 319466, 329010, 338530, 347966, 357466, 366902, 376422, 385966, 395610, 405338, 415226, 425258, 435526, 446046, 456942]']
['7759752[248490, 259386, 269906, 280174, 290206, 300094, 309822, 319466, 329010, 338530, 347966, 357466, 366902, 376422, 385966, 395610, 405338, 415226, 425258, 435526, 446046, 456942]']
['7759752[248490, 259386, 269906, 280174, 290206, 300094, 309822, 319466, 329010, 338530, 347966, 357466, 366902, 376422, 385966, 395610, 405338, 415226, 425258, 435526, 446046, 456942]']
['7759752[248490, 259386, 269906, 280174, 290206, 300094, 309822, 319466, 329010, 338530, 347966, 357466, 366902, 376422, 385966, 395610, 405338, 415226, 425258, 435526, 446046, 456942]']
['7759752[248490, 259386, 269906, 280174, 290206, 300094, 309822, 319466, 329010, 338530, 347966, 357466, 366902, 376422, 385966, 395610, 405338, 415226, 425258, 435526, 446046, 456942]']
['7759752[248490, 259386, 269906, 280174, 290206, 300094, 309822, 319466, 329010, 338530, 347966, 357466, 366902, 376422, 385966, 395610, 405338, 415226, 425258, 435526, 446046, 456942]']
['7759752[248490, 259386, 269906, 280174, 290206, 300094, 309822, 319466, 329010, 338530, 347966, 357466, 366902, 376422, 385966, 395610, 405338, 415226, 425258, 435526, 446046, 456942]']
['7759752[248490, 259386, 269906, 280174, 290206, 300094, 309822, 319466, 329010, 338530, 347966, 357466, 366902, 376422, 385966, 395610, 405338, 415226, 425258, 435526, 446046, 456942]']
['7759752[248490, 259386, 269906, 280174, 290206, 300094, 309822, 319466, 329010, 338530, 347966, 357466, 366902, 376422, 385966, 395610, 405338, 415226, 425258, 435526, 446046, 456942]']
