['379812[0, 2412, 4828, 7244, 9668, 12108, 14548, 17036, 19500, 22012, 24540, 27108, 29700, 32332, 35020, 37756, 40556, 43444]']
['390460[2220, 4448, 6672, 8904, 11148, 13400, 15652, 17944, 20232, 22548, 24888, 27248, 29640, 32072, 34536, 37048, 39616, 42244]']
['398864[4114, 6178, 8238, 10314, 12390, 14482, 16574, 18694, 20818, 22970, 25134, 27322, 29538, 31782, 34058, 36378, 38734, 41146]']
['405552[5734, 7654, 9578, 11506, 13442, 15394, 17346, 19314, 21298, 23298, 25310, 27350, 29406, 31490, 33606, 35746, 37926, 40154]']
['410976[7140, 8940, 10732, 12536, 14348, 16172, 17996, 19840, 21688, 23560, 25444, 27344, 29256, 31204, 33172, 35164, 37188, 39252]']
['415392[8364, 10048, 11732, 13428, 15124, 16836, 18552, 20280, 22016, 23772, 25532, 27312, 29112, 30932, 32768, 34632, 36516, 38436]']
['419056[9438, 11026, 12610, 14210, 15802, 17418, 19030, 20658, 22290, 23950, 25594, 27274, 28962, 30670, 32390, 34138, 35898, 37698]']
['422096[10384, 11884, 13380, 14888, 16400, 17920, 19444, 20980, 22516, 24092, 25640, 27228, 28816, 30424, 32044, 33684, 35344, 37028]']
['424676[11230, 12654, 14066, 15498, 16926, 18366, 19810, 21266, 22710, 24214, 25666, 27174, 28670, 30190, 31718, 33270, 34830, 36418]']
['426848[11980, 13332, 14676, 16032, 17392, 18760, 20128, 21512, 22880, 24308, 25688, 27116, 28532, 29972, 31424, 32888, 34364, 35864]']
['428716[12652, 13948, 15224, 16516, 17808, 19112, 20412, 21736, 23028, 24384, 25700, 27056, 28400, 29772, 31144, 32536, 33932, 35356]']
['430304[13250, 14490, 15714, 16946, 18178, 19422, 20666, 21926, 23162, 24450, 25706, 26994, 28278, 29582, 30890, 32214, 33542, 34894]']
['431664[13778, 14978, 16150, 17334, 18510, 19702, 20886, 22094, 23278, 24506, 25706, 26938, 28162, 29410, 30654, 31918, 33182, 34478]']
['432808[14238, 15402, 16534, 17670, 18806, 19946, 21082, 22242, 23378, 24550, 25706, 26882, 28058, 29250, 30442, 31650, 32866, 34106]']
['433780[14640, 15776, 16872, 17972, 19064, 20164, 21256, 22372, 23464, 24592, 25700, 26832, 27960, 29104, 30248, 31412, 32576, 33776]']
['434580[14980, 16092, 17164, 18228, 19288, 20352, 21408, 22480, 23540, 24624, 25696, 26784, 27872, 28972, 30080, 31200, 32328, 33492]']
['435248[15270, 16366, 17414, 18454, 19482, 20518, 21538, 22578, 23602, 24654, 25686, 26742, 27790, 28858, 29926, 31014, 32110, 33246]']
['435784[15510, 16590, 17622, 18642, 19646, 20654, 21650, 22658, 23654, 24678, 25678, 26702, 27722, 28758, 29798, 30858, 31926, 33038]']
['436220[15708, 16780, 17796, 18800, 19784, 20772, 21744, 22728, 23696, 24700, 25668, 26668, 27660, 28672, 29688, 30724, 31768, 32864]']
['436560[15866, 16930, 17938, 18926, 19898, 20866, 21822, 22786, 23730, 24714, 25662, 26638, 27610, 28602, 29598, 30610, 31642, 32722]']
['436832[15994, 17054, 18054, 19034, 19990, 20946, 21886, 22834, 23758, 24726, 25654, 26614, 27570, 28542, 29518, 30518, 31534, 32606]']
['437036[16092, 17148, 18144, 19116, 20064, 21008, 21936, 22872, 23784, 24732, 25648, 26596, 27536, 28492, 29456, 30444, 31452, 32516]']
['437196[16168, 17224, 18216, 19184, 20124, 21060, 21976, 22904, 23804, 24740, 25644, 26580, 27504, 28452, 29404, 30384, 31384, 32444]']
['437312[16226, 17278, 18270, 19234, 20170, 21098, 22010, 22926, 23818, 24746, 25642, 26566, 27482, 28418, 29366, 30338, 31334, 32390]']
['437400[16270, 17322, 18310, 19274, 20206, 21130, 22034, 22946, 23830, 24750, 25638, 26554, 27462, 28394, 29334, 30302, 31294, 32350]']
['437460[16300, 17352, 18340, 19300, 20232, 21152, 22052, 22960, 23840, 24752, 25636, 26544, 27448, 28376, 29312, 30276, 31268, 32320]']
['437504[16322, 17374, 18362, 19322, 20250, 21170, 22066, 22970, 23846, 24754, 25634, 26538, 27438, 28362, 29294, 30258, 31246, 32298]']
['437532[16336, 17388, 18376, 19336, 20264, 21180, 22076, 22976, 23852, 24756, 25632, 26532, 27432, 28352, 29284, 30244, 31232, 32284]']
['437552[16346, 17398, 18386, 19346, 20274, 21190, 22082, 22982, 23854, 24758, 25630, 26530, 27426, 28346, 29274, 30234, 31222, 32274]']
['437564[16352, 17404, 18392, 19352, 20280, 21196, 22088, 22984, 23856, 24760, 25628, 26528, 27424, 28340, 29268, 30228, 31216, 32268]']
['437572[16356, 17408, 18396, 19356, 20284, 21200, 22092, 22988, 23856, 24760, 25628, 26528, 27420, 28336, 29264, 30224, 31212, 32264]']
['437576[16358, 17410, 18398, 19358, 20286, 21202, 22094, 22990, 23858, 24758, 25630, 26526, 27418, 28334, 29262, 30222, 31210, 32262]']
['437580[16360, 17412, 18400, 19360, 20288, 21204, 22096, 22992, 23860, 24760, 25628, 26524, 27416, 28332, 29260, 30220, 31208, 32260]']
['437580[16360, 17412, 18400, 19360, 20288, 21204, 22096, 22992, 23860, 24760, 25628, 26524, 27416, 28332, 29260, 30220, 31208, 32260]']
['437580[16360, 17412, 18400, 19360, 20288, 21204, 22096, 22992, 23860, 24760, 25628, 26524, 27416, 28332, 29260, 30220, 31208, 32260]']
['437580[16360, 17412, 18400, 19360, 20288, 21204, 22096, 22992, 23860, 24760, 25628, 26524, 27416, 28332, 29260, 30220, 31208, 32260]']
['437580[16360, 17412, 18400, 19360, 20288, 21204, 22096, 22992, 23860, 24760, 25628, 26524, 27416, 28332, 29260, 30220, 31208, 32260]']
['437580[16360, 17412, 18400, 19360, 20288, 21204, 22096, 22992, 23860, 24760, 25628, 26524, 27416, 28332, 29260, 30220, 31208, 32260]']
['437580[16360, 17412, 18400, 19360, 20288, 21204, 22096, 22992, 23860, 24760, 25628, 26524, 27416, 28332, 29260, 30220, 31208, 32260]']
['437580[16360, 17412, 18400, 19360, 20288, 21204, 22096, 22992, 23860, 24760, 25628, 26524, 27416, 28332, 29260, 30220, 31208, 32260]']
['437580[16360, 17412, 18400, 19360, 20288, 21204, 22096, 22992, 23860, 24760, 25628, 26524, 27416, 28332, 29260, 30220, 31208, 32260]']
['437580[16360, 17412, 18400, 19360, 20288, 21204, 22096, 22992, 23860, 24760, 25628, 26524, 27416, 28332, 29260, 30220, 31208, 32260]']
['437580[16360, 17412, 18400, 19360, 20288, 21204, 22096, 22992, 23860, 24760, 25628, 26524, 27416, 28332, 29260, 30220, 31208, 32260]']
['437580[16360, 17412, 18400, 19360, 20288, 21204, 22096, 22992, 23860, 24760, 25628, 26524, 27416, 28332, 29260, 30220, 31208, 32260]']
['437580[16360, 17412, 18400, 19360, 20288, 21204, 22096, 22992, 23860, 24760, 25628, 26524, 27416, 28332, 29260, 30220, 31208, 32260]']
['437580[16360, 17412, 18400, 19360, 20288, 21204, 22096, 22992, 23860, 24760, 25628, 26524, 27416, 28332, 29260, 30220, 31208, 32260]']
['437580[16360, 17412, 18400, 19360, 20288, 21204, 22096, 22992, 23860, 24760, 25628, 26524, 27416, 28332, 29260, 30220, 31208, 32260]']
['437580[16360, 17412, 18400, 19360, 20288, 21204, 22096, 22992, 23860, 24760, 25628, 26524, 27416, 28332, 29260, 30220, 31208, 32260]']
['437580[16360, 17412, 18400, 19360, 20288, 21204, 22096, 22992, 23860, 24760, 25628, 26524, 27416, 28332, 29260, 30220, 31208, 32260]']
['437580[16360, 17412, 18400, 19360, 20288, 21204, 22096, 22992, 23860, 24760, 25628, 26524, 27416, 28332, 29260, 30220, 31208, 32260]']
['437580[16360, 17412, 18400, 19360, 20288, 21204, 22096, 22992, 23860, 24760, 25628, 26524, 27416, 28332, 29260, 30220, 31208, 32260]']
['437580[16360, 17412, 18400, 19360, 20288, 21204, 22096, 22992, 23860, 24760, 25628, 26524, 27416, 28332, 29260, 30220, 31208, 32260]']
['437580[16360, 17412, 18400, 19360, 20288, 21204, 22096, 22992, 23860, 24760, 25628, 26524, 27416, 28332, 29260, 30220, 31208, 32260]']
['437580[16360, 17412, 18400, 19360, 20288, 21204, 22096, 22992, 23860, 24760, 25628, 26524, 27416, 28332, 29260, 30220, 31208, 32260]']
['437580[16360, 17412, 18400, 19360, 20288, 21204, 22096, 22992, 23860, 24760, 25628, 26524, 27416, 28332, 29260, 30220, 31208, 32260]']
['437580[16360, 17412, 18400, 19360, 20288, 21204, 22096, 22992, 23860, 24760, 25628, 26524, 27416, 28332, 29260, 30220, 31208, 32260]']
['437580[16360, 17412, 18400, 19360, 20288, 21204, 22096, 22992, 23860, 24760, 25628, 26524, 27416, 28332, 29260, 30220, 31208, 32260]']
['437580[16360, 17412, 18400, 19360, 20288, 21204, 22096, 22992, 23860, 24760, 25628, 26524, 27416, 28332, 29260, 30220, 31208, 32260]']
['437580[16360, 17412, 18400, 19360, 20288, 21204, 22096, 22992, 23860, 24760, 25628, 26524, 27416, 28332, 29260, 30220, 31208, 32260]']
['437580[16360, 17412, 18400, 19360, 20288, 21204, 22096, 22992, 23860, 24760, 25628, 26524, 27416, 28332, 29260, 30220, 31208, 32260]']
['437580[16360, 17412, 18400, 19360, 20288, 21204, 22096, 22992, 23860, 24760, 25628, 26524, 27416, 28332, 29260, 30220, 31208, 32260]']
['437580[16360, 17412, 18400, 19360, 20288, 21204, 22096, 22992, 23860, 24760, 25628, 26524, 27416, 28332, 29260, 30220, 31208, 32260]']
['437580[16360, 17412, 18400, 19360, 20288, 21204, 22096, 22992, 23860, 24760, 25628, 26524, 27416, 28332, 29260, 30220, 31208, 32260]']
['437580[16360, 17412, 18400, 19360, 20288, 21204, 22096, 22992, 23860, 24760, 25628, 26524, 27416, 28332, 29260, 30220, 31208, 32260]']
['437580[16360, 17412, 18400, 19360, 20288, 21204, 22096, 22992, 23860, 24760, 25628, 26524, 27416, 28332, 29260, 30220, 31208, 32260]']
['437580[16360, 17412, 18400, 19360, 20288, 21204, 22096, 22992, 23860, 24760, 25628, 26524, 27416, 28332, 29260, 30220, 31208, 32260]']
['437580[16360, 17412, 18400, 19360, 20288, 21204, 22096, 22992, 23860, 24760, 25628, 26524, 27416, 28332, 29260, 30220, 31208, 32260]']
['437580[16360, 17412, 18400, 19360, 20288, 21204, 22096, 22992, 23860, 24760, 25628, 26524, 27416, 28332, 29260, 30220, 31208, 32260]']
['437580[16360, 17412, 18400, 19360, 20288, 21204, 22096, 22992, 23860, 24760, 25628, 26524, 27416, 28332, 29260, 30220, 31208, 32260]']
['437580[16360, 17412, 18400, 19360, 20288, 21204, 22096, 22992, 23860, 24760, 25628, 26524, 27416, 28332, 29260, 30220, 31208, 32260]']
['437580[16360, 17412, 18400, 19360, 20288, 21204, 22096, 22992, 23860, 24760, 25628, 26524, 27416, 28332, 29260, 30220, 31208, 32260]']
['437580[16360, 17412, 18400, 19360, 20288, 21204, 22096, 22992, 23860, 24760, 25628, 26524, 27416, 28332, 29260, 30220, 31208, 32260]']
['437580[16360, 17412, 18400, 19360, 20288, 21204, 22096, 22992, 23860, 24760, 25628, 26524, 27416, 28332, 29260, 30220, 31208, 32260]']
['437580[16360, 17412, 18400, 19360, 20288, 21204, 22096, 22992, 23860, 24760, 25628, 26524, 27416, 28332, 29260, 30220, 31208, 32260]']
['437580[16360, 17412, 18400, 19360, 20288, 21204, 22096, 22992, 23860, 24760, 25628, 26524, 27416, 28332, 29260, 30220, 31208, 32260]']
['437580[16360, 17412, 18400, 19360, 20288, 21204, 22096, 22992, 23860, 24760, 25628, 26524, 27416, 28332, 29260, 30220, 31208, 32260]']
['437580[16360, 17412, 18400, 19360, 20288, 21204, 22096, 22992, 23860, 24760, 25628, 26524, 27416, 28332, 29260, 30220, 31208, 32260]']
['437580[16360, 17412, 18400, 19360, 20288, 21204, 22096, 22992, 23860, 24760, 25628, 26524, 27416, 28332, 29260, 30220, 31208, 32260]']
['437580[16360, 17412, 18400, 19360, 20288, 21204, 22096, 22992, 23860, 24760, 25628, 26524, 27416, 28332, 29260, 30220, 31208, 32260]']
['437580[16360, 17412, 18400, 19360, 20288, 21204, 22096, 22992, 23860, 24760, 25628, 26524, 27416, 28332, 29260, 30220, 31208, 32260]']
['437580[16360, 17412, 18400, 19360, 20288, 21204, 22096, 22992, 23860, 24760, 25628, 26524, 27416, 28332, 29260, 30220, 31208, 32260]']
['437580[16360, 17412, 18400, 19360, 20288, 21204, 22096, 22992, 23860, 24760, 25628, 26524, 27416, 28332, 29260, 30220, 31208, 32260]']
['437580[16360, 17412, 18400, 19360, 20288, 21204, 22096, 22992, 23860, 24760, 25628, 26524, 27416, 28332, 29260, 30220, 31208, 32260]']
['437580[16360, 17412, 18400, 19360, 20288, 21204, 22096, 22992, 23860, 24760, 25628, 26524, 27416, 28332, 29260, 30220, 31208, 32260]']
['437580[16360, 17412, 18400, 19360, 20288, 21204, 22096, 22992, 23860, 24760, 25628, 26524, 27416, 28332, 29260, 30220, 31208, 32260]']
['437580[16360, 17412, 18400, 19360, 20288, 21204, 22096, 22992, 23860, 24760, 25628, 26524, 27416, 28332, 29260, 30220, 31208, 32260]']
['437580[16360, 17412, 18400, 19360, 20288, 21204, 22096, 22992, 23860, 24760, 25628, 26524, 27416, 28332, 29260, 30220, 31208, 32260]']
['437580[16360, 17412, 18400, 19360, 20288, 21204, 22096, 22992, 23860, 24760, 25628, 26524, 27416, 28332, 29260, 30220, 31208, 32260]']
['437580[16360, 17412, 18400, 19360, 20288, 21204, 22096, 22992, 23860, 24760, 25628, 26524, 27416, 28332, 29260, 30220, 31208, 32260]']
['437580[16360, 17412, 18400, 19360, 20288, 21204, 22096, 22992, 23860, 24760, 25628, 26524, 27416, 28332, 29260, 30220, 31208, 32260]']
['437580[16360, 17412, 18400, 19360, 20288, 21204, 22096, 22992, 23860, 24760, 25628, 26524, 27416, 28332, 29260, 30220, 31208, 32260]']
['437580[16360, 17412, 18400, 19360, 20288, 21204, 22096, 22992, 23860, 24760, 25628, 26524, 27416, 28332, 29260, 30220, 31208, 32260]']
['437580[16360, 17412, 18400, 19360, 20288, 21204, 22096, 22992, 23860, 24760, 25628, 26524, 27416, 28332, 29260, 30220, 31208, 32260]']
['437580[16360, 17412, 18400, 19360, 20288, 21204, 22096, 22992, 23860, 24760, 25628, 26524, 27416, 28332, 29260, 30220, 31208, 32260]']
['437580[16360, 17412, 18400, 19360, 20288, 21204, 22096, 22992, 23860, 24760, 25628, 26524, 27416, 28332, 29260, 30220, 31208, 32260]']
['437580[16360, 17412, 18400, 19360, 20288, 21204, 22096, 22992, 23860, 24760, 25628, 26524, 27416, 28332, 29260, 30220, 31208, 32260]']
['437580[16360, 17412, 18400, 19360, 20288, 21204, 22096, 22992, 23860, 24760, 25628, 26524, 27416, 28332, 29260, 30220, 31208, 32260]']
['437580[16360, 17412, 18400, 19360, 20288, 21204, 22096, 22992, 23860, 24760, 25628, 26524, 27416, 28332, 29260, 30220, 31208, 32260]']
['437580[16360, 17412, 18400, 19360, 20288, 21204, 22096, 22992, 23860, 24760, 25628, 26524, 27416, 28332, 29260, 30220, 31208, 32260]']
['437580[16360, 17412, 18400, 19360, 20288, 21204, 22096, 22992, 23860, 24760, 25628, 26524, 27416, 28332, 29260, 30220, 31208, 32260]']
['437580[16360, 17412, 18400, 19360, 20288, 21204, 22096, 22992, 23860, 24760, 25628, 26524, 27416, 28332, 29260, 30220, 31208, 32260]']
['437580[16360, 17412, 18400, 19360, 20288, 21204, 22096, 22992, 23860, 24760, 25628, 26524, 27416, 28332, 29260, 30220, 31208, 32260]']
['437580[16360, 17412, 18400, 19360, 20288, 21204, 22096, 22992, 23860, 24760, 25628, 26524, 27416, 28332, 29260, 30220, 31208, 32260]']
['437580[16360, 17412, 18400, 19360, 20288, 21204, 22096, 22992, 23860, 24760, 25628, 26524, 27416, 28332, 29260, 30220, 31208, 32260]']
['437580[16360, 17412, 18400, 19360, 20288, 21204, 22096, 22992, 23860, 24760, 25628, 26524, 27416, 28332, 29260, 30220, 31208, 32260]']
['437580[16360, 17412, 18400, 19360, 20288, 21204, 22096, 22992, 23860, 24760, 25628, 26524, 27416, 28332, 29260, 30220, 31208, 32260]']
['437580[16360, 17412, 18400, 19360, 20288, 21204, 22096, 22992, 23860, 24760, 25628, 26524, 27416, 28332, 29260, 30220, 31208, 32260]']
['437580[16360, 17412, 18400, 19360, 20288, 21204, 22096, 22992, 23860, 24760, 25628, 26524, 27416, 28332, 29260, 30220, 31208, 32260]']
['437580[16360, 17412, 18400, 19360, 20288, 21204, 22096, 22992, 23860, 24760, 25628, 26524, 27416, 28332, 29260, 30220, 31208, 32260]']
['437580[16360, 17412, 18400, 19360, 20288, 21204, 22096, 22992, 23860, 24760, 25628, 26524, 27416, 28332, 29260, 30220, 31208, 32260]']
['437580[16360, 17412, 18400, 19360, 20288, 21204, 22096, 22992, 23860, 24760, 25628, 26524, 27416, 28332, 29260, 30220, 31208, 32260]']
['437580[16360, 17412, 18400, 19360, 20288, 21204, 22096, 22992, 23860, 24760, 25628, 26524, 27416, 28332, 29260, 30220, 31208, 32260]']
['437580[16360, 17412, 18400, 19360, 20288, 21204, 22096, 22992, 23860, 24760, 25628, 26524, 27416, 28332, 29260, 30220, 31208, 32260]']
['437580[16360, 17412, 18400, 19360, 20288, 21204, 22096, 22992, 23860, 24760, 25628, 26524, 27416, 28332, 29260, 30220, 31208, 32260]']
['437580[16360, 17412, 18400, 19360, 20288, 21204, 22096, 22992, 23860, 24760, 25628, 26524, 27416, 28332, 29260, 30220, 31208, 32260]']
['437580[16360, 17412, 18400, 19360, 20288, 21204, 22096, 22992, 23860, 24760, 25628, 26524, 27416, 28332, 29260, 30220, 31208, 32260]']
['437580[16360, 17412, 18400, 19360, 20288, 21204, 22096, 22992, 23860, 24760, 25628, 26524, 27416, 28332, 29260, 30220, 31208, 32260]']
['437580[16360, 17412, 18400, 19360, 20288, 21204, 22096, 22992, 23860, 24760, 25628, 26524, 27416, 28332, 29260, 30220, 31208, 32260]']
['437580[16360, 17412, 18400, 19360, 20288, 21204, 22096, 22992, 23860, 24760, 25628, 26524, 27416, 28332, 29260, 30220, 31208, 32260]']
['437580[16360, 17412, 18400, 19360, 20288, 21204, 22096, 22992, 23860, 24760, 25628, 26524, 27416, 28332, 29260, 30220, 31208, 32260]']
['437580[16360, 17412, 18400, 19360, 20288, 21204, 22096, 22992, 23860, 24760, 25628, 26524, 27416, 28332, 29260, 30220, 31208, 32260]']
['437580[16360, 17412, 18400, 19360, 20288, 21204, 22096, 22992, 23860, 24760, 25628, 26524, 27416, 28332, 29260, 30220, 31208, 32260]']
['437580[16360, 17412, 18400, 19360, 20288, 21204, 22096, 22992, 23860, 24760, 25628, 26524, 27416, 28332, 29260, 30220, 31208, 32260]']
['437580[16360, 17412, 18400, 19360, 20288, 21204, 22096, 22992, 23860, 24760, 25628, 26524, 27416, 28332, 29260, 30220, 31208, 32260]']
['437580[16360, 17412, 18400, 19360, 20288, 21204, 22096, 22992, 23860, 24760, 25628, 26524, 27416, 28332, 29260, 30220, 31208, 32260]']
['437580[16360, 17412, 18400, 19360, 20288, 21204, 22096, 22992, 23860, 24760, 25628, 26524, 27416, 28332, 29260, 30220, 31208, 32260]']
['437580[16360, 17412, 18400, 19360, 20288, 21204, 22096, 22992, 23860, 24760, 25628, 26524, 27416, 28332, 29260, 30220, 31208, 32260]']
['437580[16360, 17412, 18400, 19360, 20288, 21204, 22096, 22992, 23860, 24760, 25628, 26524, 27416, 28332, 29260, 30220, 31208, 32260]']
['437580[16360, 17412, 18400, 19360, 20288, 21204, 22096, 22992, 23860, 24760, 25628, 26524, 27416, 28332, 29260, 30220, 31208, 32260]']
['437580[16360, 17412, 18400, 19360, 20288, 21204, 22096, 22992, 23860, 24760, 25628, 26524, 27416, 28332, 29260, 30220, 31208, 32260]']
['437580[16360, 17412, 18400, 19360, 20288, 21204, 22096, 22992, 23860, 24760, 25628, 26524, 27416, 28332, 29260, 30220, 31208, 32260]']
['437580[16360, 17412, 18400, 19360, 20288, 21204, 22096, 22992, 23860, 24760, 25628, 26524, 27416, 28332, 29260, 30220, 31208, 32260]']
['437580[16360, 17412, 18400, 19360, 20288, 21204, 22096, 22992, 23860, 24760, 25628, 26524, 27416, 28332, 29260, 30220, 31208, 32260]']
['437580[16360, 17412, 18400, 19360, 20288, 21204, 22096, 22992, 23860, 24760, 25628, 26524, 27416, 28332, 29260, 30220, 31208, 32260]']
['437580[16360, 17412, 18400, 19360, 20288, 21204, 22096, 22992, 23860, 24760, 25628, 26524, 27416, 28332, 29260, 30220, 31208, 32260]']
['437580[16360, 17412, 18400, 19360, 20288, 21204, 22096, 22992, 23860, 24760, 25628, 26524, 27416, 28332, 29260, 30220, 31208, 32260]']
['437580[16360, 17412, 18400, 19360, 20288, 21204, 22096, 22992, 23860, 24760, 25628, 26524, 27416, 28332, 29260, 30220, 31208, 32260]']
['437580[16360, 17412, 18400, 19360, 20288, 21204, 22096, 22992, 23860, 24760, 25628, 26524, 27416, 28332, 29260, 30220, 31208, 32260]']
['437580[16360, 17412, 18400, 19360, 20288, 21204, 22096, 22992, 23860, 24760, 25628, 26524, 27416, 28332, 29260, 30220, 31208, 32260]']
['437580[16360, 17412, 18400, 19360, 20288, 21204, 22096, 22992, 23860, 24760, 25628, 26524, 27416, 28332, 29260, 30220, 31208, 32260]']
['437580[16360, 17412, 18400, 19360, 20288, 21204, 22096, 22992, 23860, 24760, 25628, 26524, 27416, 28332, 29260, 30220, 31208, 32260]']
['437580[16360, 17412, 18400, 19360, 20288, 21204, 22096, 22992, 23860, 24760, 25628, 26524, 27416, 28332, 29260, 30220, 31208, 32260]']
['437580[16360, 17412, 18400, 19360, 20288, 21204, 22096, 22992, 23860, 24760, 25628, 26524, 27416, 28332, 29260, 30220, 31208, 32260]']
['437580[16360, 17412, 18400, 19360, 20288, 21204, 22096, 22992, 23860, 24760, 25628, 26524, 27416, 28332, 29260, 30220, 31208, 32260]']
['437580[16360, 17412, 18400, 19360, 20288, 21204, 22096, 22992, 23860, 24760, 25628, 26524, 27416, 28332, 29260, 30220, 31208, 32260]']
['437580[16360, 17412, 18400, 19360, 20288, 21204, 22096, 22992, 23860, 24760, 25628, 26524, 27416, 28332, 29260, 30220, 31208, 32260]']
['437580[16360, 17412, 18400, 19360, 20288, 21204, 22096, 22992, 23860, 24760, 25628, 26524, 27416, 28332, 29260, 30220, 31208, 32260]']
['437580[16360, 17412, 18400, 19360, 20288, 21204, 22096, 22992, 23860, 24760, 25628, 26524, 27416, 28332, 29260, 30220, 31208, 32260]']
['437580[16360, 17412, 18400, 19360, 20288, 21204, 22096, 22992, 23860, 24760, 25628, 26524, 27416, 28332, 29260, 30220, 31208, 32260]']
['437580[16360, 17412, 18400, 19360, 20288, 21204, 22096, 22992, 23860, 24760, 25628, 26524, 27416, 28332, 29260, 30220, 31208, 32260]']
['437580[16360, 17412, 18400, 19360, 20288, 21204, 22096, 22992, 23860, 24760, 25628, 26524, 27416, 28332, 29260, 30220, 31208, 32260]']
['437580[16360, 17412, 18400, 19360, 20288, 21204, 22096, 22992, 23860, 24760, 25628, 26524, 27416, 28332, 29260, 30220, 31208, 32260]']
['437580[16360, 17412, 18400, 19360, 20288, 21204, 22096, 22992, 23860, 24760, 25628, 26524, 27416, 28332, 29260, 30220, 31208, 32260]']
['437580[16360, 17412, 18400, 19360, 20288, 21204, 22096, 22992, 23860, 24760, 25628, 26524, 27416, 28332, 29260, 30220, 31208, 32260]']
['437580[16360, 17412, 18400, 19360, 20288, 21204, 22096, 22992, 23860, 24760, 25628, 26524, 27416, 28332, 29260, 30220, 31208, 32260]']
['437580[16360, 17412, 18400, 19360, 20288, 21204, 22096, 22992, 23860, 24760, 25628, 26524, 27416, 28332, 29260, 30220, 31208, 32260]']
['437580[16360, 17412, 18400, 19360, 20288, 21204, 22096, 22992, 23860, 24760, 25628, 26524, 27416, 28332, 29260, 30220, 31208, 32260]']
['437580[16360, 17412, 18400, 19360, 20288, 21204, 22096, 22992, 23860, 24760, 25628, 26524, 27416, 28332, 29260, 30220, 31208, 32260]']
['437580[16360, 17412, 18400, 19360, 20288, 21204, 22096, 22992, 23860, 24760, 25628, 26524, 27416, 28332, 29260, 30220, 31208, 32260]']
['437580[16360, 17412, 18400, 19360, 20288, 21204, 22096, 22992, 23860, 24760, 25628, 26524, 27416, 28332, 29260, 30220, 31208, 32260]']
['437580[16360, 17412, 18400, 19360, 20288, 21204, 22096, 22992, 23860, 24760, 25628, 26524, 27416, 28332, 29260, 30220, 31208, 32260]']
['437580[16360, 17412, 18400, 19360, 20288, 21204, 22096, 22992, 23860, 24760, 25628, 26524, 27416, 28332, 29260, 30220, 31208, 32260]']
['437580[16360, 17412, 18400, 19360, 20288, 21204, 22096, 22992, 23860, 24760, 25628, 26524, 27416, 28332, 29260, 30220, 31208, 32260]']
['437580[16360, 17412, 18400, 19360, 20288, 21204, 22096, 22992, 23860, 24760, 25628, 26524, 27416, 28332, 29260, 30220, 31208, 32260]']
['437580[16360, 17412, 18400, 19360, 20288, 21204, 22096, 22992, 23860, 24760, 25628, 26524, 27416, 28332, 29260, 30220, 31208, 32260]']
['437580[16360, 17412, 18400, 19360, 20288, 21204, 22096, 22992, 23860, 24760, 25628, 26524, 27416, 28332, 29260, 30220, 31208, 32260]']
['437580[16360, 17412, 18400, 19360, 20288, 21204, 22096, 22992, 23860, 24760, 25628, 26524, 27416, 28332, 29260, 30220, 31208, 32260]']
['437580[16360, 17412, 18400, 19360, 20288, 21204, 22096, 22992, 23860, 24760, 25628, 26524, 27416, 28332, 29260, 30220, 31208, 32260]']
['437580[16360, 17412, 18400, 19360, 20288, 21204, 22096, 22992, 23860, 24760, 25628, 26524, 27416, 28332, 29260, 30220, 31208, 32260]']
['437580[16360, 17412, 18400, 19360, 20288, 21204, 22096, 22992, 23860, 24760, 25628, 26524, 27416, 28332, 29260, 30220, 31208, 32260]']
['437580[16360, 17412, 18400, 19360, 20288, 21204, 22096, 22992, 23860, 24760, 25628, 26524, 27416, 28332, 29260, 30220, 31208, 32260]']
['437580[16360, 17412, 18400, 19360, 20288, 21204, 22096, 22992, 23860, 24760, 25628, 26524, 27416, 28332, 29260, 30220, 31208, 32260]']
['437580[16360, 17412, 18400, 19360, 20288, 21204, 22096, 22992, 23860, 24760, 25628, 26524, 27416, 28332, 29260, 30220, 31208, 32260]']
['437580[16360, 17412, 18400, 19360, 20288, 21204, 22096, 22992, 23860, 24760, 25628, 26524, 27416, 28332, 29260, 30220, 31208, 32260]']
['437580[16360, 17412, 18400, 19360, 20288, 21204, 22096, 22992, 23860, 24760, 25628, 26524, 27416, 28332, 29260, 30220, 31208, 32260]']
['437580[16360, 17412, 18400, 19360, 20288, 21204, 22096, 22992, 23860, 24760, 25628, 26524, 27416, 28332, 29260, 30220, 31208, 32260]']
['437580[16360, 17412, 18400, 19360, 20288, 21204, 22096, 22992, 23860, 24760, 25628, 26524, 27416, 28332, 29260, 30220, 31208, 32260]']
['437580[16360, 17412, 18400, 19360, 20288, 21204, 22096, 22992, 23860, 24760, 25628, 26524, 27416, 28332, 29260, 30220, 31208, 32260]']
['437580[16360, 17412, 18400, 19360, 20288, 21204, 22096, 22992, 23860, 24760, 25628, 26524, 27416, 28332, 29260, 30220, 31208, 32260]']
['437580[16360, 17412, 18400, 19360, 20288, 21204, 22096, 22992, 23860, 24760, 25628, 26524, 27416, 28332, 29260, 30220, 31208, 32260]']
['437580[16360, 17412, 18400, 19360, 20288, 21204, 22096, 22992, 23860, 24760, 25628, 26524, 27416, 28332, 29260, 30220, 31208, 32260]']
['437580[16360, 17412, 18400, 19360, 20288, 21204, 22096, 22992, 23860, 24760, 25628, 26524, 27416, 28332, 29260, 30220, 31208, 32260]']
['437580[16360, 17412, 18400, 19360, 20288, 21204, 22096, 22992, 23860, 24760, 25628, 26524, 27416, 28332, 29260, 30220, 31208, 32260]']
['437580[16360, 17412, 18400, 19360, 20288, 21204, 22096, 22992, 23860, 24760, 25628, 26524, 27416, 28332, 29260, 30220, 31208, 32260]']
['437580[16360, 17412, 18400, 19360, 20288, 21204, 22096, 22992, 23860, 24760, 25628, 26524, 27416, 28332, 29260, 30220, 31208, 32260]']
['437580[16360, 17412, 18400, 19360, 20288, 21204, 22096, 22992, 23860, 24760, 25628, 26524, 27416, 28332, 29260, 30220, 31208, 32260]']
['437580[16360, 17412, 18400, 19360, 20288, 21204, 22096, 22992, 23860, 24760, 25628, 26524, 27416, 28332, 29260, 30220, 31208, 32260]']
['437580[16360, 17412, 18400, 19360, 20288, 21204, 22096, 22992, 23860, 24760, 25628, 26524, 27416, 28332, 29260, 30220, 31208, 32260]']
['437580[16360, 17412, 18400, 19360, 20288, 21204, 22096, 22992, 23860, 24760, 25628, 26524, 27416, 28332, 29260, 30220, 31208, 32260]']
['437580[16360, 17412, 18400, 19360, 20288, 21204, 22096, 22992, 23860, 24760, 25628, 26524, 27416, 28332, 29260, 30220, 31208, 32260]']
['437580[16360, 17412, 18400, 19360, 20288, 21204, 22096, 22992, 23860, 24760, 25628, 26524, 27416, 28332, 29260, 30220, 31208, 32260]']
['437580[16360, 17412, 18400, 19360, 20288, 21204, 22096, 22992, 23860, 24760, 25628, 26524, 27416, 28332, 29260, 30220, 31208, 32260]']
['437580[16360, 17412, 18400, 19360, 20288, 21204, 22096, 22992, 23860, 24760, 25628, 26524, 27416, 28332, 29260, 30220, 31208, 32260]']
['437580[16360, 17412, 18400, 19360, 20288, 21204, 22096, 22992, 23860, 24760, 25628, 26524, 27416, 28332, 29260, 30220, 31208, 32260]']
['437580[16360, 17412, 18400, 19360, 20288, 21204, 22096, 22992, 23860, 24760, 25628, 26524, 27416, 28332, 29260, 30220, 31208, 32260]']
['437580[16360, 17412, 18400, 19360, 20288, 21204, 22096, 22992, 23860, 24760, 25628, 26524, 27416, 28332, 29260, 30220, 31208, 32260]']
['437580[16360, 17412, 18400, 19360, 20288, 21204, 22096, 22992, 23860, 24760, 25628, 26524, 27416, 28332, 29260, 30220, 31208, 32260]']
['437580[16360, 17412, 18400, 19360, 20288, 21204, 22096, 22992, 23860, 24760, 25628, 26524, 27416, 28332, 29260, 30220, 31208, 32260]']
['437580[16360, 17412, 18400, 19360, 20288, 21204, 22096, 22992, 23860, 24760, 25628, 26524, 27416, 28332, 29260, 30220, 31208, 32260]']
['437580[16360, 17412, 18400, 19360, 20288, 21204, 22096, 22992, 23860, 24760, 25628, 26524, 27416, 28332, 29260, 30220, 31208, 32260]']
