2[0, 2]
12[1, 3, 3, 5]
60[4, 8, 8, 12, 12, 16]
280[18, 24, 28, 34, 36, 42, 46, 52]
1260[70, 86, 98, 110, 118, 134, 142, 154, 166, 182]
5544[277, 317, 351, 385, 415, 449, 475, 509, 539, 573, 607, 647]
24024[1078, 1194, 1294, 1394, 1486, 1582, 1666, 1766, 1850, 1946, 2038, 2138, 2238, 2354]
102960[4205, 4543, 4857, 5159, 5451, 5737, 6015, 6301, 6569, 6855, 7133, 7419, 7711, 8013, 8327, 8665]
437580[16360, 17412, 18400, 19360, 20288, 21204, 22096, 22992, 23860, 24760, 25628, 26524, 27416, 28332, 29260, 30220, 31208, 32260]
1847560[63760, 67094, 70292, 73396, 76422, 79394, 82320, 85218, 88084, 90960, 93796, 96672, 99538, 102436, 105362, 108334, 111360, 114464, 117662, 120996]
7759752[248490, 259386, 269906, 280174, 290206, 300094, 309822, 319466, 329010, 338530, 347966, 357466, 366902, 376422, 385966, 395610, 405338, 415226, 425258, 435526, 446046, 456942]
32449872[969846, 1006014, 1041206, 1075630, 1109426, 1142708, 1175572, 1208100, 1240358, 1272424, 1304326, 1336194, 1367962, 1399830, 1431732, 1463798, 1496056, 1528584, 1561448, 1594730, 1628526, 1662950, 1698142, 1734310]
